43.38394793926247
43.38394793926247
29.44062806673209
30.665440049064706
30.665440049064706
65.14657980456026
67.06158488878954
70.53015163982602
70.53015163982602
59.40594059405941
59.40594059405941
51.54639175257732
53.67686527106817
53.67686527106817
114.50381679389314
114.50381679389314
51.32591958939264
51.87170398547592
54.40203100915767
54.40203100915767
149.2537313432836
149.2537313432836
57.57604836388063
61.50061500615006
61.50061500615006
85.71428571428571
85.71428571428571
74.44168734491315
72.33273056057867
73.55645457888929
73.55645457888929
86.70520231213872
86.70520231213872
86.70520231213872
231.03581055063535
228.13688212927758
229.44550669216062
233.91812865497076
232.73855702094647
231.12480739599383
184.218606079214
184.218606079214
26.7022696929239
26.7022696929239
29.255448827344093
31.23048094940662
43.36826888326708
43.36826888326708
42.958401947447555
42.958401947447555
50.774308200050775
50.774308200050775
56.92599620493359
75.66204287515762
152.4390243902439
45.87155963302752
47.77450433951748
47.77450433951748
43.802014892685065
43.29316689515838
30.503304524656837
31.767882670620004
37.243947858473
64.53000645300065
212.99254526091588
229.0950744558992
230.76923076923077
230.50326546292737
227.79043280182233
31
31
34
46
125
230
231
231
67
65
65
39
39
39
39
39
39
39
39
39
39
39
46
46
46
46
46
46
46
46
43
43
43
43
43
43
43
43
43
44
44
46
50
50
50
50
50
50
50
50
50
50
50
54
54
54
57
57
57
57
57
57
57
57
57
185
185
185
185
185
185
185
185
185
