23.1  36.7
23.1  36.8
23.1  36.7
23.2  36.8
23.1  36.9
23.2  36.8
23.1  36.8
23.2  36.8
23.3  36.7
23.3  36.7
23.2  36.7
23.1  36.6
23.1  36.6
23.1  36.6
23.1  36.6
23.1  36.7
23.1  36.7
23.1  36.7
23.1  36.8
23.2  36.8
23.2  36.7
23.1  36.8
23.1  36.8
23.1  36.7
23.1  36.9
23.1  36.9
23.1  36.9
23.1  36.9
23.1  37.1
23.1  37.1
23.1  37.2
23.1  37.2
23.2  37.3
23.1  37.3
23.1  37.4
23.1  37.5
23.1  37.5
23.1  37.6
23.2  37.6
23.2  37.7
23.1  37.8
23.1  37.9
23.1  38.0
23.1  38.1
23.1  38.1
23.1  38.2

